(9 x 5)[1856.670430 2122.526100 1445.302383 1009.619864 1412.759301 1666.370675 1357.694198 1752.636411 1674.457425 1980.231687 52.402203 255.530551 1882.160304 1034.109018 685.110355 1989.904918 1569.122095 1135.865505 1509.404352 334.622053 1880.656925 1536.621929 366.421881 1616.938018 1619.199388 971.339332 129.468430 574.968599 1968.315540 1641.182392 1072.500276 1681.889461 188.925566 1291.157496 161.782337 361.440857 1652.729883 1877.653283 446.534716 1601.109194 1872.126648 2049.660739 862.858846 111.556531 177.392686 ] (4 x 9)[731.571566 1179.430687 1417.494599 1795.629222 552.642863 401.825166 1786.978794 1193.787463 46.176720 850.536473 1315.347279 845.055935 1545.741934 1175.006979 82.678241 151.276878 2037.334145 1995.707247 304.617836 110.955204 808.308032 251.542902 1433.736618 2044.819386 1098.617561 400.950821 2124.247908 318.958381 614.326555 2032.518756 520.359263 1124.722657 1062.635305 1237.562683 1336.891986 22.210141 ] 
(3 x 1)[799.172465 1328.890917 839.713219 ] (1 x 3)[1945.027296 1077.689238 845.944268 ] 
(2 x 3)[621.576134 1469.625130 1780.135763 2147.082384 1845.907347 1616.016467 ] (1 x 2)[1163.077260 1443.353826 ] 
(3 x 1)[1606.519792 466.250413 102.863388 ] (2 x 3)[100.626281 1156.274578 927.310743 1022.831322 119.434619 1587.915235 ] 
(2 x 8)[1451.490696 1937.381399 1422.117179 30.436343 442.508815 509.784144 1629.840325 1572.424790 809.685548 1928.617844 161.936290 801.445281 873.403783 1246.653636 1657.200120 1846.998897 ] (2 x 2)[634.344494 1319.086950 1420.680669 1656.816537 ] 
(10 x 2)[1273.894365 2078.115612 215.056076 232.491431 1210.726924 1279.856343 1349.348449 1072.070023 893.078231 1202.619534 310.422374 1031.061255 1000.965142 1981.734643 1690.263578 1346.272930 921.429718 964.691909 75.379713 2038.968308 ] (1 x 10)[1543.797377 705.092185 669.589149 970.516963 1340.298176 1435.470649 1123.907345 244.588403 513.588863 1151.243148 ] 
(10 x 2)[1273.894365 2078.115612 215.056076 232.491431 1210.726924 1279.856343 1349.348449 1072.070023 893.078231 1202.619534 310.422374 1031.061255 1000.965142 1981.734643 1690.263578 1346.272930 921.429718 964.691909 75.379713 2038.968308 ] (1 x 10)[1543.797377 705.092185 669.589149 970.516963 1340.298176 1435.470649 1123.907345 244.588403 513.588863 1151.243148 ] 
(8 x 2)[694.130441 1119.151383 1915.513655 1110.647408 723.126532 977.664951 1217.448260 428.717204 642.411943 1617.232532 126.645245 370.338538 872.199160 327.907698 701.642084 665.800111 ] (3 x 8)[1712.664707 2032.409808 836.753874 1599.439762 1731.270435 1206.267842 1497.992814 1814.431117 875.996019 1864.691148 1635.263765 382.384049 1457.639719 57.312257 1174.429543 1115.129624 893.803199 502.254828 1786.161486 342.193789 289.805057 260.681603 409.061741 1005.526940 ] 
(7 x 10)[338.937779 1400.619809 1648.875096 1514.757584 112.079103 370.325702 656.464508 1575.491317 809.197309 165.235912 423.617413 829.570486 1127.321878 1798.069712 767.769000 1811.831824 139.351508 1323.619726 293.635609 216.259657 1133.724475 2032.335141 1729.309252 456.919866 50.666190 1143.131118 1215.994164 1759.529496 1562.420082 164.282658 1582.146611 995.573923 1565.830084 1641.611450 1841.227141 265.205517 1280.556694 235.245824 259.169841 770.681571 1371.288740 455.353576 1643.317571 451.231730 1086.928553 1512.288889 1570.395178 1057.735016 482.784046 958.242756 1206.131239 1349.589840 834.161266 975.150046 1899.112865 340.476694 1495.360450 521.962309 149.829368 1331.353692 1429.383351 1893.904915 857.290571 1014.839074 1085.192244 247.430937 1043.417567 367.587167 1874.546997 1926.277089 ] (0 x 7)[] 
(6 x 7)[1323.881437 397.245092 2119.086368 1615.785128 1569.929981 1829.103625 516.218570 251.572110 1924.635474 1949.720404 497.860455 944.378473 117.360734 1091.868392 784.300729 487.727017 282.894120 72.680382 1768.468778 1481.077366 984.337985 1701.981054 713.396538 654.412965 1454.946468 2036.482934 574.305852 1566.944946 1051.744261 727.896170 1684.075878 428.814086 123.224070 852.708782 1318.122643 245.958449 2065.115515 765.757791 221.696866 175.099317 841.624429 1854.479061 ] (0 x 6)[] 
(5 x 4)[161.341448 1541.354022 441.813993 1716.812672 880.297212 1140.397901 375.972632 1075.136550 892.589992 1586.721249 572.103497 1059.186460 1254.883237 385.667072 800.832458 1311.105857 426.436732 969.224685 1095.818300 598.411428 ] (10 x 5)[834.951495 1371.626967 1844.967471 851.906064 711.743099 782.351103 2080.101187 1374.360396 541.068440 1291.509682 1786.005145 2009.537896 828.101703 63.806114 795.018145 226.711381 702.190689 1296.269758 184.223891 1727.000710 311.960118 1106.120899 1955.501061 1016.598539 591.749441 536.085630 1297.284245 54.837724 387.142705 1979.476172 239.363480 745.137529 1549.304246 917.242647 1459.549963 2098.012107 1755.482256 112.450459 169.255053 1401.327143 652.135752 1836.533223 831.420630 10.437381 1474.887060 23.080099 1360.167433 370.624116 1376.941312 968.850712 ] 
(4 x 1)[1146.285106 537.979305 912.025265 1817.840216 ] (9 x 4)[190.664443 451.692177 235.726694 1898.700990 2008.028157 1223.722094 646.346539 1173.994447 244.922093 1826.949399 817.364187 2134.484697 569.979344 1865.768988 423.167822 1863.229137 685.565005 1041.272880 829.054757 1049.399163 2116.023377 1675.702919 1438.412875 1181.775846 30.392619 1855.123194 1887.934412 1442.778059 1532.979336 1422.387093 271.913647 207.464313 1486.749510 1826.781725 146.750916 1131.418456 ] 
(4 x 1)[1146.285106 537.979305 912.025265 1817.840216 ] (9 x 4)[190.664443 451.692177 235.726694 1898.700990 2008.028157 1223.722094 646.346539 1173.994447 244.922093 1826.949399 817.364187 2134.484697 569.979344 1865.768988 423.167822 1863.229137 685.565005 1041.272880 829.054757 1049.399163 2116.023377 1675.702919 1438.412875 1181.775846 30.392619 1855.123194 1887.934412 1442.778059 1532.979336 1422.387093 271.913647 207.464313 1486.749510 1826.781725 146.750916 1131.418456 ] 
(4 x 1)[1146.285106 537.979305 912.025265 1817.840216 ] (9 x 4)[190.664443 451.692177 235.726694 1898.700990 2008.028157 1223.722094 646.346539 1173.994447 244.922093 1826.949399 817.364187 2134.484697 569.979344 1865.768988 423.167822 1863.229137 685.565005 1041.272880 829.054757 1049.399163 2116.023377 1675.702919 1438.412875 1181.775846 30.392619 1855.123194 1887.934412 1442.778059 1532.979336 1422.387093 271.913647 207.464313 1486.749510 1826.781725 146.750916 1131.418456 ] 
